1	.083333333
2	.166666666
3	.25
4	.333333333
4.5	.375
5	.416666666
6	.5
7	.583333333
8	.666666666
9	.75

12	1	18	1.5
24	2	30	2.5
36	3	42	3.5
48	4	54	4.5
60	5	66	5.5
72	6	78	6.5
84	7	90	7.5
96	8	102	8.5
108	9	114	9.5
120	10	126	10.5
132	11	138	11.5
144	12
156	13
168	14
180	15
192	16
204	17
216	18
228	19
240	20
252	21
264	22
276	23
288	24
300	25
312	26
324	27
336	28
348	29
360	30
372	31
384	32
396	33
408	34
420	35
432	36
444	37
456	38
468	39
480	40
492	41
504	42
516	43
528	44
540	45
552	46
564	47
576	48
588	49
